minimum m,c is 1.300000,35.840000 with error 10.171854
Nanoseconds: 628804663
Seconds: 0.628804663
Minutes: 0.0105
Hours: 0.00

