minimum m,c is 1.300000,35.840000 with error 10.171854
Nanoseconds: 630007142
Seconds: 0.630007142
Minutes: 0.0105
Hours: 0.00

